(kicad_pcb (version 20171130) (host pcbnew "(5.1.9)-1")

  (general
    (thickness 1.6)
    (drawings 25)
    (tracks 402)
    (zones 0)
    (modules 98)
    (nets 64)
  )

  (page A4)
  (layers
    (0 F.Cu signal)
    (31 B.Cu signal)
    (32 B.Adhes user)
    (33 F.Adhes user hide)
    (34 B.Paste user)
    (35 F.Paste user hide)
    (36 B.SilkS user)
    (37 F.SilkS user)
    (38 B.Mask user)
    (39 F.Mask user)
    (40 Dwgs.User user)
    (41 Cmts.User user)
    (42 Eco1.User user)
    (43 Eco2.User user)
    (44 Edge.Cuts user)
    (45 Margin user)
    (46 B.CrtYd user)
    (47 F.CrtYd user)
    (48 B.Fab user)
    (49 F.Fab user)
  )

  (setup
    (last_trace_width 0.25)
    (trace_clearance 0.2)
    (zone_clearance 0.508)
    (zone_45_only no)
    (trace_min 0.2)
    (via_size 0.8)
    (via_drill 0.4)
    (via_min_size 0.4)
    (via_min_drill 0.3)
    (uvia_size 0.3)
    (uvia_drill 0.1)
    (uvias_allowed no)
    (uvia_min_size 0.2)
    (uvia_min_drill 0.1)
    (edge_width 0.05)
    (segment_width 0.2)
    (pcb_text_width 0.3)
    (pcb_text_size 1.5 1.5)
    (mod_edge_width 0.12)
    (mod_text_size 0.8 0.8)
    (mod_text_width 0.1)
    (pad_size 4.8 4.8)
    (pad_drill 2.8)
    (pad_to_mask_clearance 0)
    (aux_axis_origin 0 0)
    (visible_elements 7FFFFFFF)
    (pcbplotparams
      (layerselection 0x010fc_ffffffff)
      (usegerberextensions false)
      (usegerberattributes true)
      (usegerberadvancedattributes true)
      (creategerberjobfile true)
      (excludeedgelayer true)
      (linewidth 0.100000)
      (plotframeref false)
      (viasonmask false)
      (mode 1)
      (useauxorigin false)
      (hpglpennumber 1)
      (hpglpenspeed 20)
      (hpglpendiameter 15.000000)
      (psnegative false)
      (psa4output false)
      (plotreference true)
      (plotvalue true)
      (plotinvisibletext false)
      (padsonsilk false)
      (subtractmaskfromsilk false)
      (outputformat 1)
      (mirror false)
      (drillshape 1)
      (scaleselection 1)
      (outputdirectory ""))
  )

  (net 0 "")
  (net 1 +BATT)
  (net 2 -BATT)
  (net 3 "Net-(C1-Pad2)")
  (net 4 "Net-(C2-Pad2)")
  (net 5 GND)
  (net 6 /CC)
  (net 7 "Net-(C4-Pad2)")
  (net 8 "Net-(C5-Pad2)")
  (net 9 "Net-(C5-Pad1)")
  (net 10 "Net-(C6-Pad2)")
  (net 11 "Net-(C6-Pad1)")
  (net 12 /DC)
  (net 13 "Net-(C8-Pad2)")
  (net 14 "Net-(C9-Pad1)")
  (net 15 "Net-(C10-Pad1)")
  (net 16 /FB_BATT-)
  (net 17 "Net-(C13-Pad1)")
  (net 18 "Net-(C13-Pad2)")
  (net 19 "Net-(C14-Pad1)")
  (net 20 "Net-(C14-Pad2)")
  (net 21 /VSMPS)
  (net 22 "Net-(C20-Pad1)")
  (net 23 /INTVCC)
  (net 24 /PWR_LED)
  (net 25 /FASTCHG_LED)
  (net 26 /nFASTCHG)
  (net 27 "Net-(D6-Pad2)")
  (net 28 "Net-(D7-Pad2)")
  (net 29 "Net-(D9-Pad2)")
  (net 30 /BG2)
  (net 31 "Net-(J1-Pad1)")
  (net 32 "Net-(J2-Pad1)")
  (net 33 +5V)
  (net 34 "Net-(NT2-Pad2)")
  (net 35 "Net-(NT3-Pad2)")
  (net 36 "Net-(Q1-Pad1)")
  (net 37 "Net-(Q2-Pad1)")
  (net 38 "Net-(Q3-Pad4)")
  (net 39 "Net-(Q3-Pad2)")
  (net 40 /TG2)
  (net 41 "Net-(Q7-Pad2)")
  (net 42 /FB_BATT+)
  (net 43 /Vout)
  (net 44 /Vfb)
  (net 45 /FEEDBACK)
  (net 46 /THI)
  (net 47 /TLO)
  (net 48 "Net-(R24-Pad1)")
  (net 49 /TEMP)
  (net 50 "Net-(R30-Pad2)")
  (net 51 "Net-(R32-Pad1)")
  (net 52 "Net-(R34-Pad1)")
  (net 53 /VCELL)
  (net 54 /REF)
  (net 55 /PGM0)
  (net 56 /PGM1)
  (net 57 /V_FB)
  (net 58 "Net-(U2-Pad7)")
  (net 59 /Enable)
  (net 60 GNDPWR)
  (net 61 "Net-(D9-Pad1)")
  (net 62 "Net-(J5-Pad1)")
  (net 63 "Net-(J6-Pad1)")

  (net_class Default "This is the default net class."
    (clearance 0.2)
    (trace_width 0.25)
    (via_dia 0.8)
    (via_drill 0.4)
    (uvia_dia 0.3)
    (uvia_drill 0.1)
    (add_net +5V)
    (add_net /BG2)
    (add_net /CC)
    (add_net /DC)
    (add_net /Enable)
    (add_net /FASTCHG_LED)
    (add_net /FB_BATT+)
    (add_net /FB_BATT-)
    (add_net /FEEDBACK)
    (add_net /INTVCC)
    (add_net /PGM0)
    (add_net /PGM1)
    (add_net /PWR_LED)
    (add_net /REF)
    (add_net /TEMP)
    (add_net /TG2)
    (add_net /THI)
    (add_net /TLO)
    (add_net /VCELL)
    (add_net /VSMPS)
    (add_net /V_FB)
    (add_net /Vfb)
    (add_net /Vout)
    (add_net /nFASTCHG)
    (add_net GND)
    (add_net GNDPWR)
    (add_net "Net-(C1-Pad2)")
    (add_net "Net-(C10-Pad1)")
    (add_net "Net-(C13-Pad1)")
    (add_net "Net-(C13-Pad2)")
    (add_net "Net-(C14-Pad1)")
    (add_net "Net-(C14-Pad2)")
    (add_net "Net-(C2-Pad2)")
    (add_net "Net-(C20-Pad1)")
    (add_net "Net-(C4-Pad2)")
    (add_net "Net-(C5-Pad1)")
    (add_net "Net-(C5-Pad2)")
    (add_net "Net-(C6-Pad1)")
    (add_net "Net-(C6-Pad2)")
    (add_net "Net-(C8-Pad2)")
    (add_net "Net-(C9-Pad1)")
    (add_net "Net-(D6-Pad2)")
    (add_net "Net-(D7-Pad2)")
    (add_net "Net-(D9-Pad1)")
    (add_net "Net-(D9-Pad2)")
    (add_net "Net-(J1-Pad1)")
    (add_net "Net-(J2-Pad1)")
    (add_net "Net-(J5-Pad1)")
    (add_net "Net-(J6-Pad1)")
    (add_net "Net-(NT2-Pad2)")
    (add_net "Net-(NT3-Pad2)")
    (add_net "Net-(Q1-Pad1)")
    (add_net "Net-(Q2-Pad1)")
    (add_net "Net-(Q3-Pad2)")
    (add_net "Net-(Q3-Pad4)")
    (add_net "Net-(Q7-Pad2)")
    (add_net "Net-(R24-Pad1)")
    (add_net "Net-(R30-Pad2)")
    (add_net "Net-(R32-Pad1)")
    (add_net "Net-(R34-Pad1)")
    (add_net "Net-(U2-Pad7)")
  )

  (net_class 4_mm ""
    (clearance 0.5)
    (trace_width 4)
    (via_dia 0.8)
    (via_drill 0.4)
    (uvia_dia 0.3)
    (uvia_drill 0.1)
    (add_net +BATT)
    (add_net -BATT)
  )

  (module Nexperia:LFPAK56D (layer F.Cu) (tedit 63747D75) (tstamp 6374FC5B)
    (at 132.313 108.712 270)
    (path /63775358)
    (fp_text reference Q4 (at 0 -0.275 180) (layer F.SilkS) hide
      (effects (font (size 0.8 0.8) (thickness 0.1)))
    )
    (fp_text value PSMN4R2_40VSH (at 3.81 -0.021) (layer F.SilkS)
      (effects (font (size 0.8 0.8) (thickness 0.1)))
    )
    (fp_line (start -2.93 3.98) (end -2.93 -3.65) (layer F.CrtYd) (width 0.1))
    (fp_line (start 2.93 3.98) (end -2.93 3.98) (layer F.CrtYd) (width 0.1))
    (fp_line (start 2.93 -3.65) (end 2.93 3.98) (layer F.CrtYd) (width 0.1))
    (fp_line (start -2.93 -3.65) (end 2.93 -3.65) (layer F.CrtYd) (width 0.1))
    (fp_poly (pts (xy 1.82 1.55) (xy 0.72 1.55) (xy 0.72 0.55) (xy 1.82 0.55)) (layer F.Paste) (width 0.1))
    (fp_poly (pts (xy -0.72 -0.25) (xy -1.82 -0.25) (xy -1.82 -1.25) (xy -0.72 -1.25)) (layer F.Paste) (width 0.1))
    (fp_poly (pts (xy -0.72 1.55) (xy -1.82 1.55) (xy -1.82 0.55) (xy -0.72 0.55)) (layer F.Paste) (width 0.1))
    (fp_poly (pts (xy 1.82 -0.25) (xy 0.72 -0.25) (xy 0.72 -1.25) (xy 1.82 -1.25)) (layer F.Paste) (width 0.1))
    (pad 5 smd rect (at 1.27 -0.275 270) (size 1.97 4.1) (layers F.Cu F.Mask)
      (net 43 /Vout) (solder_mask_margin 0.125))
    (pad 6 smd rect (at 0.635 -2.575 270) (size 0.7 1.9) (layers F.Cu F.Paste F.Mask)
      (net 43 /Vout) (solder_mask_margin 0.125))
    (pad 5 smd rect (at 1.905 -2.575 270) (size 0.7 1.9) (layers F.Cu F.Paste F.Mask)
      (net 43 /Vout) (solder_mask_margin 0.125))
    (pad 4 smd rect (at 1.905 3.275 270) (size 0.7 1.15) (layers F.Cu F.Paste F.Mask)
      (net 40 /TG2) (solder_mask_margin 0.125))
    (pad 2 smd rect (at -0.635 3.275 270) (size 0.7 1.15) (layers F.Cu F.Paste F.Mask)
      (net 30 /BG2) (solder_mask_margin 0.125))
    (pad 1 smd rect (at -1.905 3.275 270) (size 0.7 1.15) (layers F.Cu F.Paste F.Mask)
      (net 27 "Net-(D6-Pad2)") (solder_mask_margin 0.125))
    (pad 7 smd rect (at -1.27 -0.275 270) (size 1.97 4.1) (layers F.Cu F.Mask)
      (net 28 "Net-(D7-Pad2)") (solder_mask_margin 0.125))
    (pad 3 smd rect (at 0.635 3.275 270) (size 0.7 1.15) (layers F.Cu F.Paste F.Mask)
      (solder_mask_margin 0.125))
    (pad 7 smd rect (at -0.635 -2.575 270) (size 0.7 1.9) (layers F.Cu F.Paste F.Mask)
      (net 28 "Net-(D7-Pad2)") (solder_mask_margin 0.125))
    (pad 8 smd rect (at -1.905 -2.575 270) (size 0.7 1.9) (layers F.Cu F.Paste F.Mask)
      (net 28 "Net-(D7-Pad2)") (solder_mask_margin 0.125))
  )

  (module Nexperia:LFPAK56D (layer F.Cu) (tedit 63747D75) (tstamp 6374FC46)
    (at 132.588 96.012 270)
    (path /6375112D)
    (fp_text reference Q3 (at 0 -0.508 180) (layer F.SilkS) hide
      (effects (font (size 0.8 0.8) (thickness 0.1)))
    )
    (fp_text value PSMN4R2_40VSH (at 3.556 0) (layer F.SilkS)
      (effects (font (size 0.8 0.8) (thickness 0.1)))
    )
    (fp_line (start -2.93 3.98) (end -2.93 -3.65) (layer F.CrtYd) (width 0.1))
    (fp_line (start 2.93 3.98) (end -2.93 3.98) (layer F.CrtYd) (width 0.1))
    (fp_line (start 2.93 -3.65) (end 2.93 3.98) (layer F.CrtYd) (width 0.1))
    (fp_line (start -2.93 -3.65) (end 2.93 -3.65) (layer F.CrtYd) (width 0.1))
    (fp_poly (pts (xy 1.82 1.55) (xy 0.72 1.55) (xy 0.72 0.55) (xy 1.82 0.55)) (layer F.Paste) (width 0.1))
    (fp_poly (pts (xy -0.72 -0.25) (xy -1.82 -0.25) (xy -1.82 -1.25) (xy -0.72 -1.25)) (layer F.Paste) (width 0.1))
    (fp_poly (pts (xy -0.72 1.55) (xy -1.82 1.55) (xy -1.82 0.55) (xy -0.72 0.55)) (layer F.Paste) (width 0.1))
    (fp_poly (pts (xy 1.82 -0.25) (xy 0.72 -0.25) (xy 0.72 -1.25) (xy 1.82 -1.25)) (layer F.Paste) (width 0.1))
    (pad 5 smd rect (at 1.27 -0.275 270) (size 1.97 4.1) (layers F.Cu F.Mask)
      (net 12 /DC) (solder_mask_margin 0.125))
    (pad 6 smd rect (at 0.635 -2.575 270) (size 0.7 1.9) (layers F.Cu F.Paste F.Mask)
      (net 12 /DC) (solder_mask_margin 0.125))
    (pad 5 smd rect (at 1.905 -2.575 270) (size 0.7 1.9) (layers F.Cu F.Paste F.Mask)
      (net 12 /DC) (solder_mask_margin 0.125))
    (pad 4 smd rect (at 1.905 3.275 270) (size 0.7 1.15) (layers F.Cu F.Paste F.Mask)
      (net 38 "Net-(Q3-Pad4)") (solder_mask_margin 0.125))
    (pad 2 smd rect (at -0.635 3.275 270) (size 0.7 1.15) (layers F.Cu F.Paste F.Mask)
      (net 39 "Net-(Q3-Pad2)") (solder_mask_margin 0.125))
    (pad 1 smd rect (at -1.905 3.275 270) (size 0.7 1.15) (layers F.Cu F.Paste F.Mask)
      (net 27 "Net-(D6-Pad2)") (solder_mask_margin 0.125))
    (pad 7 smd rect (at -1.27 -0.275 270) (size 1.97 4.1) (layers F.Cu F.Mask)
      (net 8 "Net-(C5-Pad2)") (solder_mask_margin 0.125))
    (pad 3 smd rect (at 0.635 3.275 270) (size 0.7 1.15) (layers F.Cu F.Paste F.Mask)
      (solder_mask_margin 0.125))
    (pad 7 smd rect (at -0.635 -2.575 270) (size 0.7 1.9) (layers F.Cu F.Paste F.Mask)
      (net 8 "Net-(C5-Pad2)") (solder_mask_margin 0.125))
    (pad 8 smd rect (at -1.905 -2.575 270) (size 0.7 1.9) (layers F.Cu F.Paste F.Mask)
      (net 8 "Net-(C5-Pad2)") (solder_mask_margin 0.125))
  )

  (module Connector:Banana_Jack_2Pin (layer F.Cu) (tedit 5A1AB217) (tstamp 63736C03)
    (at 130.175 122.682 180)
    (descr "Dual banana socket, footprint - 2 x 6mm drills")
    (tags "banana socket")
    (path /63788098)
    (fp_text reference BT1 (at 15.113 0.254 270) (layer F.SilkS) hide
      (effects (font (size 0.8 0.8) (thickness 0.1)))
    )
    (fp_text value Battery (at 13.843 0.254 270) (layer F.Fab)
      (effects (font (size 0.8 0.8) (thickness 0.1)))
    )
    (fp_circle (center 30 0) (end 34.75 0) (layer F.Fab) (width 0.1))
    (fp_circle (center 0 0) (end 4.75 0) (layer F.Fab) (width 0.1))
    (fp_circle (center 0 0) (end 2 0) (layer F.Fab) (width 0.1))
    (fp_circle (center 30 0) (end 32 0) (layer F.Fab) (width 0.1))
    (fp_line (start 30 -5.25) (end 0 -5.25) (layer F.SilkS) (width 0.12))
    (fp_line (start 0 5.25) (end 30 5.25) (layer F.SilkS) (width 0.12))
    (fp_line (start 0 5.5) (end 30 5.5) (layer F.CrtYd) (width 0.05))
    (fp_line (start 30 -5.5) (end 0 -5.5) (layer F.CrtYd) (width 0.05))
    (fp_text user %R (at 14.985 0 270) (layer F.Fab)
      (effects (font (size 0.8 0.8) (thickness 0.1)))
    )
    (fp_arc (start 0 0) (end 0 5.5) (angle 180) (layer F.CrtYd) (width 0.05))
    (fp_arc (start 30 0) (end 30 -5.5) (angle 180) (layer F.CrtYd) (width 0.05))
    (fp_arc (start 30 0) (end 30 -5.25) (angle 180) (layer F.SilkS) (width 0.12))
    (fp_arc (start 0 0) (end 0 5.25) (angle 180) (layer F.SilkS) (width 0.12))
    (pad 1 thru_hole circle (at 0 0 180) (size 10.16 10.16) (drill 6.1) (layers *.Cu *.Mask)
      (net 1 +BATT))
    (pad 2 thru_hole circle (at 29.97 0 180) (size 10.16 10.16) (drill 6.1) (layers *.Cu *.Mask)
      (net 2 -BATT))
    (model ${KISYS3DMOD}/Connector.3dshapes/Banana_Jack_2Pin.wrl
      (offset (xyz 14.98599977493286 0 0))
      (scale (xyz 2 2 2))
      (rotate (xyz 0 0 0))
    )
  )

  (module Capacitor_SMD:C_0603_1608Metric_Pad1.08x0.95mm_HandSolder (layer F.Cu) (tedit 5F68FEEF) (tstamp 6376E9BD)
    (at 112.4215 96.774)
    (descr "Capacitor SMD 0603 (1608 Metric), square (rectangular) end terminal, IPC_7351 nominal with elongated pad for handsoldering. (Body size source: IPC-SM-782 page 76, https://www.pcb-3d.com/wordpress/wp-content/uploads/ipc-sm-782a_amendment_1_and_2.pdf), generated with kicad-footprint-generator")
    (tags "capacitor handsolder")
    (path /607444E3)
    (attr smd)
    (fp_text reference C1 (at 0.1005 0) (layer F.SilkS) hide
      (effects (font (size 0.8 0.8) (thickness 0.1)))
    )
    (fp_text value "10 nF" (at -3.556 0) (layer F.SilkS)
      (effects (font (size 0.8 0.8) (thickness 0.1)))
    )
    (fp_line (start 1.65 0.73) (end -1.65 0.73) (layer F.CrtYd) (width 0.05))
    (fp_line (start 1.65 -0.73) (end 1.65 0.73) (layer F.CrtYd) (width 0.05))
    (fp_line (start -1.65 -0.73) (end 1.65 -0.73) (layer F.CrtYd) (width 0.05))
    (fp_line (start -1.65 0.73) (end -1.65 -0.73) (layer F.CrtYd) (width 0.05))
    (fp_line (start -0.146267 0.51) (end 0.146267 0.51) (layer F.SilkS) (width 0.12))
    (fp_line (start -0.146267 -0.51) (end 0.146267 -0.51) (layer F.SilkS) (width 0.12))
    (fp_line (start 0.8 0.4) (end -0.8 0.4) (layer F.Fab) (width 0.1))
    (fp_line (start 0.8 -0.4) (end 0.8 0.4) (layer F.Fab) (width 0.1))
    (fp_line (start -0.8 -0.4) (end 0.8 -0.4) (layer F.Fab) (width 0.1))
    (fp_line (start -0.8 0.4) (end -0.8 -0.4) (layer F.Fab) (width 0.1))
    (fp_text user %R (at 0 0 -270) (layer F.Fab)
      (effects (font (size 0.8 0.8) (thickness 0.1)))
    )
    (pad 1 smd roundrect (at -0.8625 0) (size 1.075 0.95) (layers F.Cu F.Paste F.Mask) (roundrect_rratio 0.25)
      (net 5 GND))
    (pad 2 smd roundrect (at 0.8625 0) (size 1.075 0.95) (layers F.Cu F.Paste F.Mask) (roundrect_rratio 0.25)
      (net 3 "Net-(C1-Pad2)"))
    (model ${KISYS3DMOD}/Capacitor_SMD.3dshapes/C_0603_1608Metric.wrl
      (at (xyz 0 0 0))
      (scale (xyz 1 1 1))
      (rotate (xyz 0 0 0))
    )
  )

  (module Capacitor_SMD:C_0603_1608Metric_Pad1.08x0.95mm_HandSolder (layer B.Cu) (tedit 5F68FEEF) (tstamp 63736C25)
    (at 112.014 100.584)
    (descr "Capacitor SMD 0603 (1608 Metric), square (rectangular) end terminal, IPC_7351 nominal with elongated pad for handsoldering. (Body size source: IPC-SM-782 page 76, https://www.pcb-3d.com/wordpress/wp-content/uploads/ipc-sm-782a_amendment_1_and_2.pdf), generated with kicad-footprint-generator")
    (tags "capacitor handsolder")
    (path /606B2E95)
    (attr smd)
    (fp_text reference C2 (at 0 0) (layer B.SilkS) hide
      (effects (font (size 0.8 0.8) (thickness 0.1)) (justify mirror))
    )
    (fp_text value "10 nF" (at -3.6565 0) (layer B.SilkS)
      (effects (font (size 0.8 0.8) (thickness 0.1)) (justify mirror))
    )
    (fp_line (start 1.65 -0.73) (end -1.65 -0.73) (layer B.CrtYd) (width 0.05))
    (fp_line (start 1.65 0.73) (end 1.65 -0.73) (layer B.CrtYd) (width 0.05))
    (fp_line (start -1.65 0.73) (end 1.65 0.73) (layer B.CrtYd) (width 0.05))
    (fp_line (start -1.65 -0.73) (end -1.65 0.73) (layer B.CrtYd) (width 0.05))
    (fp_line (start -0.146267 -0.51) (end 0.146267 -0.51) (layer B.SilkS) (width 0.12))
    (fp_line (start -0.146267 0.51) (end 0.146267 0.51) (layer B.SilkS) (width 0.12))
    (fp_line (start 0.8 -0.4) (end -0.8 -0.4) (layer B.Fab) (width 0.1))
    (fp_line (start 0.8 0.4) (end 0.8 -0.4) (layer B.Fab) (width 0.1))
    (fp_line (start -0.8 0.4) (end 0.8 0.4) (layer B.Fab) (width 0.1))
    (fp_line (start -0.8 -0.4) (end -0.8 0.4) (layer B.Fab) (width 0.1))
    (fp_text user %R (at 0 0) (layer B.Fab)
      (effects (font (size 0.8 0.8) (thickness 0.1)) (justify mirror))
    )
    (pad 1 smd roundrect (at -0.8625 0) (size 1.075 0.95) (layers B.Cu B.Paste B.Mask) (roundrect_rratio 0.25)
      (net 5 GND))
    (pad 2 smd roundrect (at 0.8625 0) (size 1.075 0.95) (layers B.Cu B.Paste B.Mask) (roundrect_rratio 0.25)
      (net 4 "Net-(C2-Pad2)"))
    (model ${KISYS3DMOD}/Capacitor_SMD.3dshapes/C_0603_1608Metric.wrl
      (at (xyz 0 0 0))
      (scale (xyz 1 1 1))
      (rotate (xyz 0 0 0))
    )
  )

  (module Capacitor_SMD:C_0603_1608Metric_Pad1.08x0.95mm_HandSolder (layer F.Cu) (tedit 5F68FEEF) (tstamp 6373A82B)
    (at 175.6675 104.267 180)
    (descr "Capacitor SMD 0603 (1608 Metric), square (rectangular) end terminal, IPC_7351 nominal with elongated pad for handsoldering. (Body size source: IPC-SM-782 page 76, https://www.pcb-3d.com/wordpress/wp-content/uploads/ipc-sm-782a_amendment_1_and_2.pdf), generated with kicad-footprint-generator")
    (tags "capacitor handsolder")
    (path /637880BD)
    (attr smd)
    (fp_text reference C3 (at 0 -0.127) (layer F.SilkS) hide
      (effects (font (size 0.8 0.8) (thickness 0.1)))
    )
    (fp_text value "10 nF" (at -0.1005 1.397) (layer F.SilkS)
      (effects (font (size 0.8 0.8) (thickness 0.1)))
    )
    (fp_line (start -0.8 0.4) (end -0.8 -0.4) (layer F.Fab) (width 0.1))
    (fp_line (start -0.8 -0.4) (end 0.8 -0.4) (layer F.Fab) (width 0.1))
    (fp_line (start 0.8 -0.4) (end 0.8 0.4) (layer F.Fab) (width 0.1))
    (fp_line (start 0.8 0.4) (end -0.8 0.4) (layer F.Fab) (width 0.1))
    (fp_line (start -0.146267 -0.51) (end 0.146267 -0.51) (layer F.SilkS) (width 0.12))
    (fp_line (start -0.146267 0.51) (end 0.146267 0.51) (layer F.SilkS) (width 0.12))
    (fp_line (start -1.65 0.73) (end -1.65 -0.73) (layer F.CrtYd) (width 0.05))
    (fp_line (start -1.65 -0.73) (end 1.65 -0.73) (layer F.CrtYd) (width 0.05))
    (fp_line (start 1.65 -0.73) (end 1.65 0.73) (layer F.CrtYd) (width 0.05))
    (fp_line (start 1.65 0.73) (end -1.65 0.73) (layer F.CrtYd) (width 0.05))
    (fp_text user %R (at 0 0) (layer F.Fab)
      (effects (font (size 0.8 0.8) (thickness 0.1)))
    )
    (pad 2 smd roundrect (at 0.8625 0 180) (size 1.075 0.95) (layers F.Cu F.Paste F.Mask) (roundrect_rratio 0.25)
      (net 5 GND))
    (pad 1 smd roundrect (at -0.8625 0 180) (size 1.075 0.95) (layers F.Cu F.Paste F.Mask) (roundrect_rratio 0.25)
      (net 6 /CC))
    (model ${KISYS3DMOD}/Capacitor_SMD.3dshapes/C_0603_1608Metric.wrl
      (at (xyz 0 0 0))
      (scale (xyz 1 1 1))
      (rotate (xyz 0 0 0))
    )
  )

  (module Capacitor_SMD:C_0805_2012Metric_Pad1.18x1.45mm_HandSolder (layer F.Cu) (tedit 5F68FEEF) (tstamp 63736C47)
    (at 113.792 105.156 90)
    (descr "Capacitor SMD 0805 (2012 Metric), square (rectangular) end terminal, IPC_7351 nominal with elongated pad for handsoldering. (Body size source: IPC-SM-782 page 76, https://www.pcb-3d.com/wordpress/wp-content/uploads/ipc-sm-782a_amendment_1_and_2.pdf, https://docs.google.com/spreadsheets/d/1BsfQQcO9C6DZCsRaXUlFlo91Tg2WpOkGARC1WS5S8t0/edit?usp=sharing), generated with kicad-footprint-generator")
    (tags "capacitor handsolder")
    (path /6067D346)
    (attr smd)
    (fp_text reference C4 (at 0 0 90) (layer F.SilkS) hide
      (effects (font (size 0.8 0.8) (thickness 0.1)))
    )
    (fp_text value "100  nF" (at -0.508 -1.778 270) (layer F.SilkS)
      (effects (font (size 0.8 0.8) (thickness 0.1)))
    )
    (fp_line (start 1.88 0.98) (end -1.88 0.98) (layer F.CrtYd) (width 0.05))
    (fp_line (start 1.88 -0.98) (end 1.88 0.98) (layer F.CrtYd) (width 0.05))
    (fp_line (start -1.88 -0.98) (end 1.88 -0.98) (layer F.CrtYd) (width 0.05))
    (fp_line (start -1.88 0.98) (end -1.88 -0.98) (layer F.CrtYd) (width 0.05))
    (fp_line (start -0.261252 0.735) (end 0.261252 0.735) (layer F.SilkS) (width 0.12))
    (fp_line (start -0.261252 -0.735) (end 0.261252 -0.735) (layer F.SilkS) (width 0.12))
    (fp_line (start 1 0.625) (end -1 0.625) (layer F.Fab) (width 0.1))
    (fp_line (start 1 -0.625) (end 1 0.625) (layer F.Fab) (width 0.1))
    (fp_line (start -1 -0.625) (end 1 -0.625) (layer F.Fab) (width 0.1))
    (fp_line (start -1 0.625) (end -1 -0.625) (layer F.Fab) (width 0.1))
    (fp_text user %R (at 0 0 90) (layer F.Fab)
      (effects (font (size 0.8 0.8) (thickness 0.1)))
    )
    (pad 1 smd roundrect (at -1.0375 0 90) (size 1.175 1.45) (layers F.Cu F.Paste F.Mask) (roundrect_rratio 0.212766)
      (net 5 GND))
    (pad 2 smd roundrect (at 1.0375 0 90) (size 1.175 1.45) (layers F.Cu F.Paste F.Mask) (roundrect_rratio 0.212766)
      (net 7 "Net-(C4-Pad2)"))
    (model ${KISYS3DMOD}/Capacitor_SMD.3dshapes/C_0805_2012Metric.wrl
      (at (xyz 0 0 0))
      (scale (xyz 1 1 1))
      (rotate (xyz 0 0 0))
    )
  )

  (module Capacitor_SMD:C_1206_3216Metric_Pad1.33x1.80mm_HandSolder (layer F.Cu) (tedit 5F68FEEF) (tstamp 63736C58)
    (at 123.952 97.282 90)
    (descr "Capacitor SMD 1206 (3216 Metric), square (rectangular) end terminal, IPC_7351 nominal with elongated pad for handsoldering. (Body size source: IPC-SM-782 page 76, https://www.pcb-3d.com/wordpress/wp-content/uploads/ipc-sm-782a_amendment_1_and_2.pdf), generated with kicad-footprint-generator")
    (tags "capacitor handsolder")
    (path /6067549A)
    (attr smd)
    (fp_text reference C5 (at 0 0 90) (layer F.SilkS) hide
      (effects (font (size 0.8 0.8) (thickness 0.1)))
    )
    (fp_text value "470 nF" (at 0 1.85 90) (layer F.SilkS)
      (effects (font (size 0.8 0.8) (thickness 0.1)))
    )
    (fp_line (start -1.6 0.8) (end -1.6 -0.8) (layer F.Fab) (width 0.1))
    (fp_line (start -1.6 -0.8) (end 1.6 -0.8) (layer F.Fab) (width 0.1))
    (fp_line (start 1.6 -0.8) (end 1.6 0.8) (layer F.Fab) (width 0.1))
    (fp_line (start 1.6 0.8) (end -1.6 0.8) (layer F.Fab) (width 0.1))
    (fp_line (start -0.711252 -0.91) (end 0.711252 -0.91) (layer F.SilkS) (width 0.12))
    (fp_line (start -0.711252 0.91) (end 0.711252 0.91) (layer F.SilkS) (width 0.12))
    (fp_line (start -2.48 1.15) (end -2.48 -1.15) (layer F.CrtYd) (width 0.05))
    (fp_line (start -2.48 -1.15) (end 2.48 -1.15) (layer F.CrtYd) (width 0.05))
    (fp_line (start 2.48 -1.15) (end 2.48 1.15) (layer F.CrtYd) (width 0.05))
    (fp_line (start 2.48 1.15) (end -2.48 1.15) (layer F.CrtYd) (width 0.05))
    (fp_text user %R (at 0 0 90) (layer F.Fab)
      (effects (font (size 0.8 0.8) (thickness 0.1)))
    )
    (pad 2 smd roundrect (at 1.5625 0 90) (size 1.325 1.8) (layers F.Cu F.Paste F.Mask) (roundrect_rratio 0.188679)
      (net 8 "Net-(C5-Pad2)"))
    (pad 1 smd roundrect (at -1.5625 0 90) (size 1.325 1.8) (layers F.Cu F.Paste F.Mask) (roundrect_rratio 0.188679)
      (net 9 "Net-(C5-Pad1)"))
    (model ${KISYS3DMOD}/Capacitor_SMD.3dshapes/C_1206_3216Metric.wrl
      (at (xyz 0 0 0))
      (scale (xyz 1 1 1))
      (rotate (xyz 0 0 0))
    )
  )

  (module Capacitor_SMD:C_1206_3216Metric_Pad1.33x1.80mm_HandSolder (layer F.Cu) (tedit 5F68FEEF) (tstamp 63736C69)
    (at 123.698 106.426 90)
    (descr "Capacitor SMD 1206 (3216 Metric), square (rectangular) end terminal, IPC_7351 nominal with elongated pad for handsoldering. (Body size source: IPC-SM-782 page 76, https://www.pcb-3d.com/wordpress/wp-content/uploads/ipc-sm-782a_amendment_1_and_2.pdf), generated with kicad-footprint-generator")
    (tags "capacitor handsolder")
    (path /60676024)
    (attr smd)
    (fp_text reference C6 (at 0 0 90) (layer F.SilkS) hide
      (effects (font (size 0.8 0.8) (thickness 0.1)))
    )
    (fp_text value "470 nF" (at 0 1.85 90) (layer F.SilkS)
      (effects (font (size 0.8 0.8) (thickness 0.1)))
    )
    (fp_line (start -1.6 0.8) (end -1.6 -0.8) (layer F.Fab) (width 0.1))
    (fp_line (start -1.6 -0.8) (end 1.6 -0.8) (layer F.Fab) (width 0.1))
    (fp_line (start 1.6 -0.8) (end 1.6 0.8) (layer F.Fab) (width 0.1))
    (fp_line (start 1.6 0.8) (end -1.6 0.8) (layer F.Fab) (width 0.1))
    (fp_line (start -0.711252 -0.91) (end 0.711252 -0.91) (layer F.SilkS) (width 0.12))
    (fp_line (start -0.711252 0.91) (end 0.711252 0.91) (layer F.SilkS) (width 0.12))
    (fp_line (start -2.48 1.15) (end -2.48 -1.15) (layer F.CrtYd) (width 0.05))
    (fp_line (start -2.48 -1.15) (end 2.48 -1.15) (layer F.CrtYd) (width 0.05))
    (fp_line (start 2.48 -1.15) (end 2.48 1.15) (layer F.CrtYd) (width 0.05))
    (fp_line (start 2.48 1.15) (end -2.48 1.15) (layer F.CrtYd) (width 0.05))
    (fp_text user %R (at 0 0 90) (layer F.Fab)
      (effects (font (size 0.8 0.8) (thickness 0.1)))
    )
    (pad 2 smd roundrect (at 1.5625 0 90) (size 1.325 1.8) (layers F.Cu F.Paste F.Mask) (roundrect_rratio 0.188679)
      (net 10 "Net-(C6-Pad2)"))
    (pad 1 smd roundrect (at -1.5625 0 90) (size 1.325 1.8) (layers F.Cu F.Paste F.Mask) (roundrect_rratio 0.188679)
      (net 11 "Net-(C6-Pad1)"))
    (model ${KISYS3DMOD}/Capacitor_SMD.3dshapes/C_1206_3216Metric.wrl
      (at (xyz 0 0 0))
      (scale (xyz 1 1 1))
      (rotate (xyz 0 0 0))
    )
  )

  (module Capacitor_SMD:C_0805_2012Metric_Pad1.18x1.45mm_HandSolder (layer F.Cu) (tedit 5F68FEEF) (tstamp 63736C7A)
    (at 123.952 101.727 270)
    (descr "Capacitor SMD 0805 (2012 Metric), square (rectangular) end terminal, IPC_7351 nominal with elongated pad for handsoldering. (Body size source: IPC-SM-782 page 76, https://www.pcb-3d.com/wordpress/wp-content/uploads/ipc-sm-782a_amendment_1_and_2.pdf, https://docs.google.com/spreadsheets/d/1BsfQQcO9C6DZCsRaXUlFlo91Tg2WpOkGARC1WS5S8t0/edit?usp=sharing), generated with kicad-footprint-generator")
    (tags "capacitor handsolder")
    (path /6066A946)
    (attr smd)
    (fp_text reference C7 (at 0.127 0 90) (layer F.SilkS) hide
      (effects (font (size 0.8 0.8) (thickness 0.1)))
    )
    (fp_text value "1 μF" (at 0.127 -1.778 90) (layer F.SilkS)
      (effects (font (size 0.8 0.8) (thickness 0.1)))
    )
    (fp_line (start 1.88 0.98) (end -1.88 0.98) (layer F.CrtYd) (width 0.05))
    (fp_line (start 1.88 -0.98) (end 1.88 0.98) (layer F.CrtYd) (width 0.05))
    (fp_line (start -1.88 -0.98) (end 1.88 -0.98) (layer F.CrtYd) (width 0.05))
    (fp_line (start -1.88 0.98) (end -1.88 -0.98) (layer F.CrtYd) (width 0.05))
    (fp_line (start -0.261252 0.735) (end 0.261252 0.735) (layer F.SilkS) (width 0.12))
    (fp_line (start -0.261252 -0.735) (end 0.261252 -0.735) (layer F.SilkS) (width 0.12))
    (fp_line (start 1 0.625) (end -1 0.625) (layer F.Fab) (width 0.1))
    (fp_line (start 1 -0.625) (end 1 0.625) (layer F.Fab) (width 0.1))
    (fp_line (start -1 -0.625) (end 1 -0.625) (layer F.Fab) (width 0.1))
    (fp_line (start -1 0.625) (end -1 -0.625) (layer F.Fab) (width 0.1))
    (fp_text user %R (at 0 0 90) (layer F.Fab)
      (effects (font (size 0.8 0.8) (thickness 0.1)))
    )
    (pad 1 smd roundrect (at -1.0375 0 270) (size 1.175 1.45) (layers F.Cu F.Paste F.Mask) (roundrect_rratio 0.212766)
      (net 12 /DC))
    (pad 2 smd roundrect (at 1.0375 0 270) (size 1.175 1.45) (layers F.Cu F.Paste F.Mask) (roundrect_rratio 0.212766)
      (net 5 GND))
    (model ${KISYS3DMOD}/Capacitor_SMD.3dshapes/C_0805_2012Metric.wrl
      (at (xyz 0 0 0))
      (scale (xyz 1 1 1))
      (rotate (xyz 0 0 0))
    )
  )

  (module Capacitor_SMD:C_0805_2012Metric_Pad1.18x1.45mm_HandSolder (layer F.Cu) (tedit 5F68FEEF) (tstamp 63736C8B)
    (at 113.03 99.5465 90)
    (descr "Capacitor SMD 0805 (2012 Metric), square (rectangular) end terminal, IPC_7351 nominal with elongated pad for handsoldering. (Body size source: IPC-SM-782 page 76, https://www.pcb-3d.com/wordpress/wp-content/uploads/ipc-sm-782a_amendment_1_and_2.pdf, https://docs.google.com/spreadsheets/d/1BsfQQcO9C6DZCsRaXUlFlo91Tg2WpOkGARC1WS5S8t0/edit?usp=sharing), generated with kicad-footprint-generator")
    (tags "capacitor handsolder")
    (path /606B25D6)
    (attr smd)
    (fp_text reference C8 (at 0 0 90) (layer F.SilkS) hide
      (effects (font (size 0.8 0.8) (thickness 0.1)))
    )
    (fp_text value "1 μF" (at 0.9945 -2.54 180) (layer F.SilkS)
      (effects (font (size 0.8 0.8) (thickness 0.1)))
    )
    (fp_line (start 1.88 0.98) (end -1.88 0.98) (layer F.CrtYd) (width 0.05))
    (fp_line (start 1.88 -0.98) (end 1.88 0.98) (layer F.CrtYd) (width 0.05))
    (fp_line (start -1.88 -0.98) (end 1.88 -0.98) (layer F.CrtYd) (width 0.05))
    (fp_line (start -1.88 0.98) (end -1.88 -0.98) (layer F.CrtYd) (width 0.05))
    (fp_line (start -0.261252 0.735) (end 0.261252 0.735) (layer F.SilkS) (width 0.12))
    (fp_line (start -0.261252 -0.735) (end 0.261252 -0.735) (layer F.SilkS) (width 0.12))
    (fp_line (start 1 0.625) (end -1 0.625) (layer F.Fab) (width 0.1))
    (fp_line (start 1 -0.625) (end 1 0.625) (layer F.Fab) (width 0.1))
    (fp_line (start -1 -0.625) (end 1 -0.625) (layer F.Fab) (width 0.1))
    (fp_line (start -1 0.625) (end -1 -0.625) (layer F.Fab) (width 0.1))
    (fp_text user %R (at 0 0 90) (layer F.Fab)
      (effects (font (size 0.8 0.8) (thickness 0.1)))
    )
    (pad 1 smd roundrect (at -1.0375 0 90) (size 1.175 1.45) (layers F.Cu F.Paste F.Mask) (roundrect_rratio 0.212766)
      (net 5 GND))
    (pad 2 smd roundrect (at 1.0375 0 90) (size 1.175 1.45) (layers F.Cu F.Paste F.Mask) (roundrect_rratio 0.212766)
      (net 13 "Net-(C8-Pad2)"))
    (model ${KISYS3DMOD}/Capacitor_SMD.3dshapes/C_0805_2012Metric.wrl
      (at (xyz 0 0 0))
      (scale (xyz 1 1 1))
      (rotate (xyz 0 0 0))
    )
  )

  (module Capacitor_SMD:C_0805_2012Metric_Pad1.18x1.45mm_HandSolder (layer F.Cu) (tedit 5F68FEEF) (tstamp 63736C9C)
    (at 174.625 110.617 90)
    (descr "Capacitor SMD 0805 (2012 Metric), square (rectangular) end terminal, IPC_7351 nominal with elongated pad for handsoldering. (Body size source: IPC-SM-782 page 76, https://www.pcb-3d.com/wordpress/wp-content/uploads/ipc-sm-782a_amendment_1_and_2.pdf, https://docs.google.com/spreadsheets/d/1BsfQQcO9C6DZCsRaXUlFlo91Tg2WpOkGARC1WS5S8t0/edit?usp=sharing), generated with kicad-footprint-generator")
    (tags "capacitor handsolder")
    (path /637880C3)
    (attr smd)
    (fp_text reference C9 (at -0.127 0 270) (layer F.SilkS) hide
      (effects (font (size 0.8 0.8) (thickness 0.1)))
    )
    (fp_text value "1 μF" (at 2.921 0.127 180) (layer F.SilkS)
      (effects (font (size 0.8 0.8) (thickness 0.1)))
    )
    (fp_line (start -1 0.625) (end -1 -0.625) (layer F.Fab) (width 0.1))
    (fp_line (start -1 -0.625) (end 1 -0.625) (layer F.Fab) (width 0.1))
    (fp_line (start 1 -0.625) (end 1 0.625) (layer F.Fab) (width 0.1))
    (fp_line (start 1 0.625) (end -1 0.625) (layer F.Fab) (width 0.1))
    (fp_line (start -0.261252 -0.735) (end 0.261252 -0.735) (layer F.SilkS) (width 0.12))
    (fp_line (start -0.261252 0.735) (end 0.261252 0.735) (layer F.SilkS) (width 0.12))
    (fp_line (start -1.88 0.98) (end -1.88 -0.98) (layer F.CrtYd) (width 0.05))
    (fp_line (start -1.88 -0.98) (end 1.88 -0.98) (layer F.CrtYd) (width 0.05))
    (fp_line (start 1.88 -0.98) (end 1.88 0.98) (layer F.CrtYd) (width 0.05))
    (fp_line (start 1.88 0.98) (end -1.88 0.98) (layer F.CrtYd) (width 0.05))
    (fp_text user %R (at 0 0 90) (layer F.Fab)
      (effects (font (size 0.8 0.8) (thickness 0.1)))
    )
    (pad 2 smd roundrect (at 1.0375 0 90) (size 1.175 1.45) (layers F.Cu F.Paste F.Mask) (roundrect_rratio 0.212766)
      (net 5 GND))
    (pad 1 smd roundrect (at -1.0375 0 90) (size 1.175 1.45) (layers F.Cu F.Paste F.Mask) (roundrect_rratio 0.212766)
      (net 14 "Net-(C9-Pad1)"))
    (model ${KISYS3DMOD}/Capacitor_SMD.3dshapes/C_0805_2012Metric.wrl
      (at (xyz 0 0 0))
      (scale (xyz 1 1 1))
      (rotate (xyz 0 0 0))
    )
  )

  (module Capacitor_SMD:C_0805_2012Metric_Pad1.18x1.45mm_HandSolder (layer F.Cu) (tedit 5F68FEEF) (tstamp 63736CAD)
    (at 171.2175 122.047)
    (descr "Capacitor SMD 0805 (2012 Metric), square (rectangular) end terminal, IPC_7351 nominal with elongated pad for handsoldering. (Body size source: IPC-SM-782 page 76, https://www.pcb-3d.com/wordpress/wp-content/uploads/ipc-sm-782a_amendment_1_and_2.pdf, https://docs.google.com/spreadsheets/d/1BsfQQcO9C6DZCsRaXUlFlo91Tg2WpOkGARC1WS5S8t0/edit?usp=sharing), generated with kicad-footprint-generator")
    (tags "capacitor handsolder")
    (path /6378818D)
    (attr smd)
    (fp_text reference C10 (at -0.0215 0.127) (layer F.SilkS) hide
      (effects (font (size 0.8 0.8) (thickness 0.1)))
    )
    (fp_text value "1 μF" (at 0 1.68) (layer F.Fab)
      (effects (font (size 0.8 0.8) (thickness 0.1)))
    )
    (fp_line (start -1 0.625) (end -1 -0.625) (layer F.Fab) (width 0.1))
    (fp_line (start -1 -0.625) (end 1 -0.625) (layer F.Fab) (width 0.1))
    (fp_line (start 1 -0.625) (end 1 0.625) (layer F.Fab) (width 0.1))
    (fp_line (start 1 0.625) (end -1 0.625) (layer F.Fab) (width 0.1))
    (fp_line (start -0.261252 -0.735) (end 0.261252 -0.735) (layer F.SilkS) (width 0.12))
    (fp_line (start -0.261252 0.735) (end 0.261252 0.735) (layer F.SilkS) (width 0.12))
    (fp_line (start -1.88 0.98) (end -1.88 -0.98) (layer F.CrtYd) (width 0.05))
    (fp_line (start -1.88 -0.98) (end 1.88 -0.98) (layer F.CrtYd) (width 0.05))
    (fp_line (start 1.88 -0.98) (end 1.88 0.98) (layer F.CrtYd) (width 0.05))
    (fp_line (start 1.88 0.98) (end -1.88 0.98) (layer F.CrtYd) (width 0.05))
    (fp_text user %R (at 0 0) (layer F.Fab)
      (effects (font (size 0.8 0.8) (thickness 0.1)))
    )
    (pad 2 smd roundrect (at 1.0375 0) (size 1.175 1.45) (layers F.Cu F.Paste F.Mask) (roundrect_rratio 0.212766)
      (net 5 GND))
    (pad 1 smd roundrect (at -1.0375 0) (size 1.175 1.45) (layers F.Cu F.Paste F.Mask) (roundrect_rratio 0.212766)
      (net 15 "Net-(C10-Pad1)"))
    (model ${KISYS3DMOD}/Capacitor_SMD.3dshapes/C_0805_2012Metric.wrl
      (at (xyz 0 0 0))
      (scale (xyz 1 1 1))
      (rotate (xyz 0 0 0))
    )
  )

  (module Capacitor_SMD:C_0805_2012Metric_Pad1.18x1.45mm_HandSolder (layer F.Cu) (tedit 5F68FEEF) (tstamp 63736CBE)
    (at 171.2175 125.222)
    (descr "Capacitor SMD 0805 (2012 Metric), square (rectangular) end terminal, IPC_7351 nominal with elongated pad for handsoldering. (Body size source: IPC-SM-782 page 76, https://www.pcb-3d.com/wordpress/wp-content/uploads/ipc-sm-782a_amendment_1_and_2.pdf, https://docs.google.com/spreadsheets/d/1BsfQQcO9C6DZCsRaXUlFlo91Tg2WpOkGARC1WS5S8t0/edit?usp=sharing), generated with kicad-footprint-generator")
    (tags "capacitor handsolder")
    (path /63788121)
    (attr smd)
    (fp_text reference C11 (at -0.0215 0) (layer F.SilkS) hide
      (effects (font (size 0.8 0.8) (thickness 0.1)))
    )
    (fp_text value "1 μF" (at 0 1.68) (layer F.Fab)
      (effects (font (size 0.8 0.8) (thickness 0.1)))
    )
    (fp_line (start -1 0.625) (end -1 -0.625) (layer F.Fab) (width 0.1))
    (fp_line (start -1 -0.625) (end 1 -0.625) (layer F.Fab) (width 0.1))
    (fp_line (start 1 -0.625) (end 1 0.625) (layer F.Fab) (width 0.1))
    (fp_line (start 1 0.625) (end -1 0.625) (layer F.Fab) (width 0.1))
    (fp_line (start -0.261252 -0.735) (end 0.261252 -0.735) (layer F.SilkS) (width 0.12))
    (fp_line (start -0.261252 0.735) (end 0.261252 0.735) (layer F.SilkS) (width 0.12))
    (fp_line (start -1.88 0.98) (end -1.88 -0.98) (layer F.CrtYd) (width 0.05))
    (fp_line (start -1.88 -0.98) (end 1.88 -0.98) (layer F.CrtYd) (width 0.05))
    (fp_line (start 1.88 -0.98) (end 1.88 0.98) (layer F.CrtYd) (width 0.05))
    (fp_line (start 1.88 0.98) (end -1.88 0.98) (layer F.CrtYd) (width 0.05))
    (fp_text user %R (at 0 0) (layer F.Fab)
      (effects (font (size 0.8 0.8) (thickness 0.1)))
    )
    (pad 2 smd roundrect (at 1.0375 0) (size 1.175 1.45) (layers F.Cu F.Paste F.Mask) (roundrect_rratio 0.212766)
      (net 5 GND))
    (pad 1 smd roundrect (at -1.0375 0) (size 1.175 1.45) (layers F.Cu F.Paste F.Mask) (roundrect_rratio 0.212766)
      (net 16 /FB_BATT-))
    (model ${KISYS3DMOD}/Capacitor_SMD.3dshapes/C_0805_2012Metric.wrl
      (at (xyz 0 0 0))
      (scale (xyz 1 1 1))
      (rotate (xyz 0 0 0))
    )
  )

  (module Capacitor_SMD:C_1206_3216Metric_Pad1.33x1.80mm_HandSolder (layer F.Cu) (tedit 5F68FEEF) (tstamp 63736CCF)
    (at 132.08 80.4295 90)
    (descr "Capacitor SMD 1206 (3216 Metric), square (rectangular) end terminal, IPC_7351 nominal with elongated pad for handsoldering. (Body size source: IPC-SM-782 page 76, https://www.pcb-3d.com/wordpress/wp-content/uploads/ipc-sm-782a_amendment_1_and_2.pdf), generated with kicad-footprint-generator")
    (tags "capacitor handsolder")
    (path /63EF36B5)
    (attr smd)
    (fp_text reference C12 (at -0.0885 0 180) (layer F.SilkS) hide
      (effects (font (size 0.8 0.8) (thickness 0.1)))
    )
    (fp_text value "2.2 μF" (at 3.4675 0 180) (layer F.SilkS)
      (effects (font (size 0.8 0.8) (thickness 0.1)))
    )
    (fp_line (start 2.48 1.15) (end -2.48 1.15) (layer F.CrtYd) (width 0.05))
    (fp_line (start 2.48 -1.15) (end 2.48 1.15) (layer F.CrtYd) (width 0.05))
    (fp_line (start -2.48 -1.15) (end 2.48 -1.15) (layer F.CrtYd) (width 0.05))
    (fp_line (start -2.48 1.15) (end -2.48 -1.15) (layer F.CrtYd) (width 0.05))
    (fp_line (start -0.711252 0.91) (end 0.711252 0.91) (layer F.SilkS) (width 0.12))
    (fp_line (start -0.711252 -0.91) (end 0.711252 -0.91) (layer F.SilkS) (width 0.12))
    (fp_line (start 1.6 0.8) (end -1.6 0.8) (layer F.Fab) (width 0.1))
    (fp_line (start 1.6 -0.8) (end 1.6 0.8) (layer F.Fab) (width 0.1))
    (fp_line (start -1.6 -0.8) (end 1.6 -0.8) (layer F.Fab) (width 0.1))
    (fp_line (start -1.6 0.8) (end -1.6 -0.8) (layer F.Fab) (width 0.1))
    (fp_text user %R (at -0.685 0 90) (layer F.Fab)
      (effects (font (size 0.8 0.8) (thickness 0.1)))
    )
    (pad 1 smd roundrect (at -1.5625 0 90) (size 1.325 1.8) (layers F.Cu F.Paste F.Mask) (roundrect_rratio 0.188679)
      (net 12 /DC))
    (pad 2 smd roundrect (at 1.5625 0 90) (size 1.325 1.8) (layers F.Cu F.Paste F.Mask) (roundrect_rratio 0.188679)
      (net 60 GNDPWR))
    (model ${KISYS3DMOD}/Capacitor_SMD.3dshapes/C_1206_3216Metric.wrl
      (at (xyz 0 0 0))
      (scale (xyz 1 1 1))
      (rotate (xyz 0 0 0))
    )
  )

  (module Capacitor_SMD:C_1206_3216Metric_Pad1.33x1.80mm_HandSolder (layer F.Cu) (tedit 5F68FEEF) (tstamp 637582EE)
    (at 117.348 90.6395 90)
    (descr "Capacitor SMD 1206 (3216 Metric), square (rectangular) end terminal, IPC_7351 nominal with elongated pad for handsoldering. (Body size source: IPC-SM-782 page 76, https://www.pcb-3d.com/wordpress/wp-content/uploads/ipc-sm-782a_amendment_1_and_2.pdf), generated with kicad-footprint-generator")
    (tags "capacitor handsolder")
    (path /606BD487)
    (attr smd)
    (fp_text reference C13 (at -0.0385 0 90) (layer F.SilkS) hide
      (effects (font (size 0.8 0.8) (thickness 0.1)))
    )
    (fp_text value "2.2 μF" (at -0.0385 -2.032 90) (layer F.SilkS)
      (effects (font (size 0.8 0.8) (thickness 0.1)))
    )
    (fp_line (start 2.48 1.15) (end -2.48 1.15) (layer F.CrtYd) (width 0.05))
    (fp_line (start 2.48 -1.15) (end 2.48 1.15) (layer F.CrtYd) (width 0.05))
    (fp_line (start -2.48 -1.15) (end 2.48 -1.15) (layer F.CrtYd) (width 0.05))
    (fp_line (start -2.48 1.15) (end -2.48 -1.15) (layer F.CrtYd) (width 0.05))
